4242424242424242
4000056655665556
5555555555554444
2223003122003222
5200828282828210
5105105105105100
378282246310005
371449635398431
6011111111111117
6011000990139424
30569309025904
38520000023237
3566002020360505
6200000000000005
4000000400000008
4000000560000004
4000002080000001
4000002460000001
4000002500000003
4000002760000016
4000003720000005
4000003800000008
4000004420000006
4000005280000002
4000005780000007
4000006200000007
4000006430000009
4000007240000007
4000007520000008
4000007560000009
4000008260000000
4000058260000005
